AX  10.260999999999999
A1   1.000000000000000   0.000000000000000   0.000000000000000
A2   0.000000000000000   1.000000000000000   0.000000000000000
A3   0.000000000000000   0.000000000000000   1.000000000000000
AA
           1           8          14  /
     1      0.000000000000      0.000000000000      0.000000000000   1
     1      0.250000000000      0.250000000000      0.250000000000   1
     1      0.500000000000      0.000000000000      0.500000000000   1
     1      0.000000000000      0.500000000000      0.500000000000   1
     1      0.500000000000      0.500000000000      0.000000000000   1
     1      0.750000000000      0.250000000000      0.750000000000   1
     1      0.250000000000      0.750000000000      0.750000000000   1
     1      0.750000000000      0.750000000000      0.250000000000   1
