AX    10.260999999999999
A1     1.00000   0.00000   0.00000
A2     0.00000   1.00000   0.00000
A3     0.00000   0.00000   1.00000
AA
   1     8    14  /
   1   0.0000000000   0.0000000000   0.0000000000   1  /
   1   0.2500000000   0.2500000000   0.2500000000   1  /
   1   0.5000000000   0.0000000000   0.5000000000   1  /
   1   0.0000000000   0.5000000000   0.5000000000   1  /
   1   0.5000000000   0.5000000000   0.0000000000   1  /
   1   0.7500000000   0.2500000000   0.7500000000   1  /
   1   0.2500000000   0.7500000000   0.7500000000   1  /
   1   0.7500000000   0.7500000000   0.2500000000   1  /
