 Total Energy   -31.447647833034729       -7.1054273576010019E-015
 Harris Energy  -31.447647833034733     
 Ion-Ion                      -33.598584428913064     
 Local Potential              -18.519933745407727     
 Ion Local Potential          -10.960120435757460     
 Hartree Energy                2.5562815825282539     
 Exchange-Correlation Energy  -9.7176806976101435     
 Exchange Energy              -8.2124114030293711     
 Correlation Energy           -1.5052692945807717     
 Sum of eigenvalues            1.7525224013099563     
 Fermi energy                 0.23717730862968883     
 Eigenvalues
   k     n          esp(n,k,s)    esp_err   occ(n,k,s)  
   1     1  -0.210935727876615  0.28386E-12   2.0000    
   1     2  -0.056737612850076  0.12529E-10   2.0000    
   1     3  -0.056737612777598  0.10288E-10   2.0000    
   1     4  -0.056737612548654  0.13693E-11   2.0000    
   1     5  -0.056737612450513 -0.40787E-13   2.0000    
   1     6  -0.056737612225037 -0.88383E-11   2.0000    
   1     7  -0.056737612133381 -0.13283E-10   2.0000    
   1     8   0.122906685005770  0.16999E-10   2.0000    
   1     9   0.122906685101080  0.14507E-10   2.0000    
   1    10   0.122906685454632  0.25597E-11   2.0000    
   1    11   0.122906685643274 -0.21165E-11   2.0000    
   1    12   0.122906685992654 -0.13418E-10   2.0000    
   1    13   0.122906686093966 -0.16802E-10   2.0000    
   1    14   0.230060830070078  0.88707E-12   2.0000    
   1    15   0.230060830076811  0.24097E-12   2.0000    
   1    16   0.230060830078586  0.40690E-13   2.0000    
   1    17   0.247215049253970  0.68792E-11   0.0000    
   1    18   0.247215049294483  0.57651E-11   0.0000    
   1    19   0.247215049365499  0.38284E-11   0.0000    
   1    20   0.247215049584207 -0.36341E-11   0.0000    
   1    21   0.247215049653846 -0.53628E-11   0.0000    
   1    22   0.247215049696255 -0.67903E-11   0.0000    
   1    23   0.319161204006287  0.30559E-12   0.0000    
   1    24   0.319161204279004 -0.21145E-09   0.0000    
